133
134
157
178
173
149
147
154
144
136
138
137
139
133
141
155
148
140
140
141
151
153
163
212
215
260
248
203
157
139
134
133
125
138
159
151
151
147
152
164
179
208
209
203
193
207
248
205
152
140
128
136
151
160
163
152
151
153
151
158
230
250
238
223
235
233
225
247
191
187
178
168
162
158
149
155
162
186
181
163
210
191
202
218
204
205
209
167
141
135
144
139
141
144
129
141
151
144
146
147
169
202
197
218
201
224
224
220
216
191
177
140
150
149
143
143
149
136
152
189
200
221
199
206
196
164
141
132
137
133
134
139
139
144
147
169
194
209
210
220
206
210
162
150
146
136
142
143
142
136
141
141
142
158
158
176
168
180
223
228
217
183
149
145
141
142
146
142
138
137
145
143
152
145
152
156
223
234
209
237
266
211
209
165
156
146
158
152
152
154
142
151
154
153
153
150
163
212
199
197
210
190
156
146
149
144
148
144
140
152
144
154
148
144
141
139
169
176
169
155
180
156
154
143
146
145
143
140
144
146
160
166
170
176
195
182
204
176
164
167
155
150
147
138
148
146
148
139
147
147
147
146
153
140
136
131
132
132
132
120
126
131
129
142
136
148
206
161
153
139
128
132
130
134
133
126
122
128
152
158
171
171
169
174
185
161
143
135
137
137
133
126
131
129
129
138
136
143
154
154
204
203
185
195
175
150
135
134
132
135
140
145
141
146
132
128
131
140
150
141
148
155
134
133
126
128
126
146
138
141
136
126
120
120
131
137
183
177
160
168
189
177
160
132
126
127
117
126
128
127
134
138
120
135
145
152
175
218
228
204
186
169
134
127
130
127
131
133
122
139
135
126
128
143
151
178
177
202
174
144
135
126
125
129
130
138
133
128
134
135
148
149
155
157
203
185
192
182
141
133
120
122
130
128
128
141
146
139
173
159
155
218
210
197
176
167
136
124
119
123
123
130
119
122
128
153
164
160
158
148
146
143
136
141
131
132
123
131
117
121
126
131
134
129
127
124
134
153
163
186
175
175
149
145
122
115
118
119
122
125
118
122
124
128
121
119
125
128
132
137
132
126
125
125
124
119
126
127
125
126
122
125
130
128
128
135
141
130
128
127
131
125
138
136
134
125
146
149
151
143
136
141
133
132
126
129
130
128
139
122
139
137
125
117
119
122
124
133
133
123
128
124
130
122
130
132
125
129
135
134
123
125
117
114
113
127
126
130
125
126
138
148
139
151
177
171
212
212
201
188
146
135
121
120
121
123
124
123
127
133
122
126
134
135
126
132
118
132
136
144
138
134
126
126
126
128
125
134
138
146
176
166
157
154
136
134
126
125
136
139
129
138
127
123
123
137
180
184
182
182
203
208
231
212
209
157
137
137
128
118
128
126
132
125
124
129
130
137
146
147
156
193
189
209
214
152
134
128
134
129
131
131
133
148
170
192
197
210
203
210
223
148
137
125
116
129
129
120
124
134
146
167
142
153
175
174
166
185
170
147
138
138
132
121
124
118
122
121
124
123
123
129
140
190
185
189
226
225
217
223
199
138
131
126
123
125
115
130
126
127
135
135
126
114
116
126
169
177
171
179
208
221
221
236
225
191
149
120
125
118
109
120
112
125
127
128
132
131
124
148
162
146
189
194
170
201
171
136
137
127
122
120
126
128
120
129
132
128
120
107
110
114
126
131
120
121
118
116
120
124
140
159
174
162
166
144
128
162
139
134
124
117
125
119
123
119
129
124
126
133
121
118
126
121
129
133
171
170
172
192
151
145
132
119
115
113
118
114
128
122
118
128
122
117
119
117
122
119
125
119
132
131
128
134
129
139
198
209
217
196
202
169
145
136
118
111
121
122
128
124
116
114
149
182
202
250
204
205
171
128
130
124
136
128
134
124
122
134
128
156
171
202
200
179
144
122
121
107
114
113
126
127
115
117
126
143
126
126
152
172
181
192
181
207
178
136
122
124
131
128
130
133
125
132
129
130
122
151
186
192
212
208
203
187
147
130
120
115
120
116
120
121
128
113
113
132
172
162
190
220
181
173
164
135
121
121
121
130
136
128
118
122
133
149
164
172
176
182
202
199
209
168
142
140
125
120
116
132
127
122
122
141
134
130
148
156
164
203
196
228
210
175
147
143
128
116
122
130
131
136
141
136
131
125
136
149
161
170
162
141
141
131
120
123
118
111
110
116
125
126
117
112
132
156
181
189
200
219
190
146
125
122
125
120
118
121
132
132
125
122
118
120
164
179
199
189
184
148
124
121
126
119
132
117
116
117
122
129
151
140
124
127
134
126
126
121
123
125
130
124
109
109
114
108
115
111
115
116
115
120
143
132
125
175
155
165
211
172
167
129
119
116
111
116
124
120
135
122
148
142
189
189
205
218
181
142
128
112
118
125
125
123
122
125
112
117
115
122
174
194
199
195
173
145
124
122
105
112
111
111
121
127
114
113
131
125
128
137
144
163
196
183
195
144
130
116
118
104
118
122
111
110
107
125
137
154
167
179
180
148
126
111
116
114
119
128
128
120
119
126
114
115
118
122
155
155
167
163
185
192
180
125
120
124
126
116
115
115
118
116
113
136
163
252
219
220
173
140
127
119
117
112
116
115
120
107
106
114
131
171
185
168
178
83
104
125
129
181
346
273
207
176
160
155
159
152
143
126
123
122
190
248
220
128
94
92
121
159
226
354
231
155
156
159
143
133
192
332
209
142
102
88
102
135
136
136
224
238
170
163
161
144
117
224
448
311
236
135
89
78
86
116
135
165
204
151
159
140
156
126
281
546
671
468
181
105
86
89
108
127
270
231
157
152
138
131
117
162
242
277
248
140
87
77
90
108
116
122
161
207
160
133
141
138
134
115
254
342
246
137
84
75
95
106
124
193
288
206
155
139
153
114
115
283
340
381
211
100
84
78
96
134
239
178
129
136
128
123
186
218
241
141
84
77
82
128
201
304
226
153
141
152
148
145
221
272
219
120
79
77
94
115
187
244
171
136
150
155
119
192
193
134
86
64
73
96
134
221
170
141
139
146
122
114
193
164
101
76
74
86
110
136
201
331
215
142
130
127
121
115
124
208
191
123
66
71
97
122
146
207
150
128
115
124
122
118
198
245
146
93
75
87
112
128
240
290
200
153
129
130
122
119
104
141
129
82
73
78
105
109
122
146
149
148
129
118
126
116
101
89
180
154
85
61
67
80
95
123
166
253
232
169
154
149
144
126
117
168
149
85
60
62
80
98
114
182
325
242
166
147
139
129
130
121
152
165
125
76
58
54
64
94
118
181
201
165
137
127
132
123
107
97
112
196
128
84
82
68
77
91
113
172
216
273
166
141
140
129
107
158
225
159
104
72
76
99
131
165
239
186
130
113
130
124
113
156
147
118
90
58
57
67
86
102
152
162
222
151
140
119
118
109
131
175
175
94
49
56
59
84
103
189
334
272
200
153
128
120
121
119
128
196
120
69
58
55
69
87
111
156
229
242
161
138
131
118
122
182
210
142
96
76
76
89
115
152
279
224
179
151
140
126
121
104
168
183
123
71
55
61
80
97
132
287
293
219
151
131
123
106
103
128
145
177
110
57
45
74
101
117
155
265
203
171
140
136
110
109
139
207
251
144
75
61
64
102
131
144
170
155
134
122
120
111
107
105
155
159
157
87
57
52
76
106
187
188
176
150
137
123
105
109
113
139
118
82
56
50
58
85
119
208
256
226
168
142
149
144
119
138
132
83
69
66
75
90
152
221
226
176
155
148
133
134
142
141
116
80
58
52
74
93
129
189
207
173
147
146
136
139
136
147
184
104
68
61
65
77
101
145
292
239
163
144
127
122
118
104
163
167
109
64
49
59
80
112
256
301
192
156
138
122
127
131
152
155
107
78
53
57
60
64
86
112
168
342
224
147
139
126
114
94
93
132
182
145
91
67
69
75
88
127
186
284
215
160
130
122
115
121
150
148
140
114
71
61
73
85
101
122
170
245
256
167
135
129
121
114
102
103
104
120
133
91
62
53
62
83
100
149
250
251
168
146
134
130
114
122
97
134
154
149
75
48
51
58
75
101
136
231
212
158
136
128
123
116
109
104
178
203
145
83
63
63
74
93
116
137
184
222
165
138
130
131
112
102
105
117
167
144
76
60
65
77
97
114
205
246
178
164
131
129
130
112
120
130
172
100
67
51
65
75
82
144
258
229
165
132
115
142
116
90
116
123
89
80
57
54
59
79
103
131
146
201
184
154
130
122
128
109
94
99
124
109
75
64
60
77
100
117
161
196
178
145
131
129
124
90
83
103
98
88
63
75
60
48
50
62
83
113
134
144
142
136
135
119
124
111
111
158
187
109
75
53
49
71
92
117
168
292
189
132
124
126
108
98
88
132
144
115
71
55
49
58
74
93
119
176
204
151
132
130
129
129
109
119
144
140
98
68
52
64
89
111
144
152
174
220
155
133
140
134
115
113
141
173
121
71
58
66
90
140
166
216
183
150
127
119
158
129
131
119
137
165
201
122
73
64
90
98
113
131
287
221
164
146
126
128
128
124
97
120
149
138
85
63
64
78
88
117
124
140
214
188
151
134
133
137
125
101
137
149
160
94
70
65
85
95
119
169
264
222
174
149
135
141
136
122
120
178
136
88
70
67
83
95
111
141
221
218
174
146
131
129
136
143
129
114
144
146
174
95
76
70
77
96
101
136
277
298
201
167
125
128
149
140
119
139
180
182
142
98
105
113
135
142
159
268
261
187
152
146
163
146
117
145
175
143
93
72
89
105
139
148
166
211
178
146
141
149
134
118
170
214
187
110
85
89
112
128
168
220
167
151
152
147
139
121
162
229
142
113
78
74
96
109
132
200
277
213
176
143
138
145
144
130
186
266
234
137
92
75
79
104
113
143
266
225
148
142
127
126
116
116
148
171
174
88
79
71
89
109
151
185
200
162
141
136
124
128
129
127
152
159
125
87
72
66
67
93
109
147
211
211
172
144
138
125
138
106
143
205
193
122
78
62
72
90
115
143
255
218
165
143
122
119
150
135
113
123
154
136
157
103
76
70
86
126
162
240
202
156
135
133
149
165
222
189
129
91
103
104
122
142
194
348
335
229
206
178
162
162
139
116
121
159
150
95
69
70
83
101
141
160
245
256
188
164
140
133
146
131
119
161
225
176
117
80
67
65
87
100
125
202
234
185
141
136
130
134
137
127
210
169
122
81
61
68
91
112
157
234
196
148
134
120
122
141
118
112
148
161
121
97
77
66
82
105
119
156
197
174
143
129
125
121
108
114
135
138
124
100
75
71
59
58
81
105
120
166
264
224
167
125
134
124
122
114
119
170
168
109
83
71
73
88
105
108
130
150
295
228
166
128
125
130
136
114
101
148
