147
146
152
145
152
150
154
154
150
154
156
163
150
153
151
153
147
148
148
138
143
151
149
149
149
148
146
151
144
152
151
150
150
152
154
145
150
160
156
141
140
149
138
139
141
149
151
137
144
139
148
151
166
150
146
141
151
158
154
146
156
160
152
144
154
153
147
149
145
148
153
152
154
142
150
172
176
156
149
144
152
147
160
154
144
153
149
150
148
157
153
140
144
151
152
156
153
154
153
158
147
146
148
142
157
142
142
138
148
140
143
146
156
156
151
154
155
148
150
147
145
150
144
157
147
139
151
148
145
146
147
160
160
163
157
163
147
147
151
158
156
158
162
162
161
159
147
155
154
154
143
141
142
144
149
156
147
148
146
145
148
156
141
144
151
152
150
153
150
148
154
153
140
139
149
148
159
149
149
144
153
150
153
153
157
147
146
144
150
146
145
142
145
144
146
153
146
165
144
142
150
150
145
149
140
145
148
157
156
164
157
149
147
160
157
157
144
144
150
148
148
154
153
162
163
168
152
154
152
153
158
164
150
151
140
154
144
156
154
147
155
151
152
160
153
148
160
151
157
160
146
147
154
149
150
152
155
144
142
144
142
145
154
159
158
152
148
148
148
150
159
158
158
155
149
158
144
140
149
146
144
148
148
137
145
144
138
155
156
151
157
149
153
155
152
156
151
159
151
145
152
150
148
142
152
153
151
141
148
147
151
159
150
151
151
144
152
147
151
142
141
143
149
150
146
143
138
148
156
154
150
153
151
150
148
147
149
150
154
145
149
153
160
149
153
153
153
152
151
155
155
145
151
168
154
147
150
156
151
151
154
157
161
155
150
150
147
139
150
147
146
150
158
143
137
146
146
146
150
145
151
149
148
150
150
147
151
141
148
139
149
151
159
156
161
154
143
147
144
145
142
152
157
153
144
148
147
162
152
149
148
147
155
157
147
151
156
146
153
154
152
153
148
158
157
153
150
151
142
151
160
143
156
156
160
148
151
150
147
149
156
