244
252
246
251
248
252
263
255
253
243
252
247
255
265
257
266
266
252
250
252
249
248
248
249
273
291
307
298
297
286
291
277
285
286
274
266
269
272
264
260
258
245
249
252
247
243
240
248
246
245
242
249
249
248
262
256
268
280
275
265
266
256
256
264
254
259
263
254
250
245
245
239
258
236
221
209
220
228
237
241
243
234
245
229
227
231
222
216
223
221
244
257
258
247
270
245
221
234
242
235
249
280
265
244
234
231
230
231
234
224
217
228
227
238
229
228
225
233
223
234
229
234
222
223
232
234
222
230
239
230
223
224
232
226
248
240
237
243
242
248
272
258
230
226
218
219
216
222
222
222
227
224
225
224
229
231
224
221
241
242
225
225
229
257
229
222
218
221
228
218
250
256
262
252
257
251
232
226
217
222
226
229
227
268
283
243
234
220
217
213
217
254
281
256
229
223
227
232
228
235
228
219
221
217
224
219
221
229
228
229
227
239
226
224
227
226
225
225
222
214
216
214
217
220
225
224
219
221
229
227
233
236
228
225
216
225
231
233
223
228
221
219
232
230
221
216
228
222
226
227
232
223
217
215
226
223
232
228
232
226
224
226
220
221
215
226
218
214
218
221
224
218
222
215
220
220
219
218
215
222
224
229
230
227
234
227
221
215
226
228
230
223
232
225
221
230
222
217
224
230
219
222
218
223
216
232
218
218
219
211
210
212
222
218
221
226
227
221
224
219
213
216
218
223
221
221
222
218
221
216
219
226
219
225
231
229
231
224
225
252
243
222
224
226
223
213
211
214
214
214
215
215
220
222
220
217
228
221
228
225
227
243
234
224
227
220
225
225
227
224
226
228
227
229
249
256
240
226
229
222
225
228
227
221
222
224
225
228
223
225
229
219
228
223
212
215
205
210
201
205
196
216
208
219
240
240
235
226
221
217
215
211
203
201
202
207
206
203
202
206
214
215
208
215
214
206
213
228
230
228
219
216
216
218
224
218
211
216
214
243
255
263
269
268
263
259
224
222
222
213
215
207
210
212
