156
147
148
152
149
154
151
153
162
152
151
157
153
159
167
178
174
172
170
166
163
166
179
177
179
171
174
181
185
179
169
178
182
172
177
181
180
183
186
195
189
187
186
185
181
170
166
169
172
180
179
176
166
162
167
176
185
190
180
168
172
172
169
163
170
178
171
162
166
170
178
172
173
184
171
183
170
179
179
169
167
173
161
173
170
166
165
170
170
168
177
173
180
182
166
169
162
160
165
160
158
162
163
164
165
173
173
171
176
178
178
172
179
183
180
179
167
166
168
177
172
168
180
188
177
176
173
176
175
176
172
169
162
159
167
167
164
163
166
172
161
170
165
170
175
185
182
181
177
178
168
173
168
178
182
181
173
173
183
189
184
175
175
188
171
191
185
182
190
183
177
181
178
176
170
171
175
180
179
172
172
164
171
168
167
157
177
171
169
176
174
169
176
178
178
188
177
176
182
189
181
179
184
177
180
187
178
168
174
179
175
175
177
173
178
176
183
193
189
186
173
178
179
171
176
165
168
161
171
173
173
171
179
173
181
173
168
171
170
165
162
167
172
171
178
167
177
169
182
183
197
178
174
173
172
181
172
163
173
178
181
169
175
173
167
166
169
166
159
151
164
164
165
154
156
150
172
173
176
176
168
153
154
159
165
167
164
170
163
167
168
179
179
168
166
163
160
169
168
173
168
167
172
172
163
177
175
171
169
183
174
177
174
176
172
165
160
170
171
181
174
178
177
175
179
173
178
175
180
174
173
172
175
176
168
169
169
174
188
175
182
165
175
164
175
173
186
186
171
175
181
184
181
178
189
184
176
180
179
173
172
172
166
170
172
173
175
186
169
169
168
178
180
177
180
184
183
182
178
176
179
181
171
172
177
176
168
179
180
180
176
176
186
188
178
174
169
171
177
172
168
172
177
172
164
164
176
167
162
161
181
172
174
178
184
185
185
187
173
181
185
178
184
183
179
177
174
175
169
175
176
175
183
189
189
181
178
180
191
180
173
169
173
167
174
173
167
172
174
173
171
171
174
184
186
169
168
162
171
174
161
168
183
182
184
176
173
165
167
162
178
173
178
179
156
169
183
182
173
168
172
164
160
172
173
174
160
171
163
166
161
167
156
173
169
162
174
168
169
168
164
166
164
175
180
165
168
178
179
180
188
165
168
161
166
166
165
160
168
184
177
175
176
178
170
188
178
177
169
176
178
173
175
174
165
161
158
154
159
171
158
169
172
176
165
172
170
180
197
192
186
181
159
170
166
172
176
164
172
167
169
166
168
162
163
174
169
183
181
186
181
177
173
170
171
162
164
170
166
168
164
164
181
179
160
172
175
168
157
160
161
164
168
171
172
164
178
178
166
170
172
167
173
164
167
172
175
170
176
166
164
167
170
173
178
168
170
169
167
168
173
180
173
177
176
168
175
177
164
183
180
177
175
171
175
181
190
179
189
182
185
182
182
184
179
182
181
186
176
192
179
182
185
182
180
188
198
190
192
183
178
182
180
175
183
178
180
171
172
167
180
192
188
187
182
178
175
183
176
176
180
188
192
197
189
185
184
176
185
186
183
177
182
175
178
188
179
180
178
183
185
180
177
179
178
179
185
177
181
174
186
183
177
183
190
188
182
185
179
190
182
185
184
198
193
174
176
183
177
182
177
179
178
176
181
182
190
173
179
183
189
184
181
180
180
175
167
167
158
173
166
170
163
184
175
165
169
182
178
177
192
183
185
186
177
171
172
174
174
177
183
176
170
181
195
185
184
177
176
174
189
185
177
168
173
171
173
181
177
179
174
181
184
180
195
201
198
181
183
189
189
192
185
179
175
176
175
188
187
177
176
182
182
174
178
174
176
173
186
167
170
181
176
175
171
170
173
177
169
181
179
178
180
185
170
182
186
189
187
184
188
192
187
186
185
174
185
178
184
173
181
181
175
166
172
182
177
172
181
179
185
173
183
176
179
176
177
187
178
179
182
182
182
179
189
178
188
188
185
180
189
188
205
181
182
179
179
184
172
177
174
178
180
173
171
167
174
169
172
172
177
172
179
176
174
186
180
190
201
204
206
199
175
175
177
181
181
173
173
179
185
178
194
209
204
192
199
193
179
164
174
172
168
161
164
161
163
169
169
181
179
175
182
198
192
187
171
178
169
181
190
174
173
166
166
168
162
196
194
190
180
170
173
176
169
176
174
174
181
176
175
180
178
178
175
179
172
167
186
202
182
173
176
178
171
174
166
166
172
176
171
175
191
190
188
188
190
188
178
179
172
171
176
185
182
178
184
176
174
177
175
172
185
190
181
185
174
166
164
163
164
170
170
177
172
175
185
205
205
205
210
197
195
183
195
186
183
173
164
179
168
174
179
168
179
176
183
217
203
196
192
189
176
174
176
173
172
166
174
161
166
185
176
173
171
177
172
173
164
164
181
181
170
174
184
185
183
171
183
181
175
169
169
188
183
182
178
176
176
170
170
170
172
166
174
173
183
175
181
171
184
188
173
165
165
167
160
163
170
177
171
173
175
177
184
177
184
190
186
195
180
176
171
173
176
174
172
175
179
179
170
174
179
197
196
186
191
182
188
192
189
175
169
167
171
166
171
185
190
177
177
179
182
198
199
196
196
201
198
196
185
186
178
170
175
176
182
186
184
180
188
185
184
178
180
193
181
178
188
185
177
190
193
190
186
194
185
173
174
170
182
184
181
183
180
176
173
183
184
193
186
190
193
190
190
194
186
183
179
188
174
178
177
177
170
182
179
179
175
185
185
186
185
181
177
187
178
182
188
180
181
185
184
191
191
192
179
193
201
190
201
179
182
176
177
170
178
186
181
192
184
189
