0
0
0
0
0
0
8
12
45
62
68
37
10
0
0
0
0
0
0
0
0
0
0
0
0
0
0
0
0
0
0
0
0
0
1
10
15
33
51
22
0
0
0
0
0
4
21
35
41
32
5
40
10
0
0
0
0
3
0
0
0
32
25
49
54
51
20
0
0
0
0
0
0
0
0
0
0
7
23
19
50
52
13
0
0
0
0
0
0
0
0
0
0
0
0
2
9
16
43
75
83
82
27
0
0
0
0
0
0
32
60
108
53
104
151
167
132
184
152
69
0
0
0
0
0
0
3
15
20
0
0
16
6
79
56
95
88
95
122
65
108
57
0
0
0
0
0
0
6
11
8
0
3
5
62
30
42
59
89
88
76
53
0
0
0
0
0
0
3
14
21
43
19
31
36
12
4
27
30
70
92
97
69
64
56
31
0
0
0
0
0
0
0
7
14
22
8
10
24
12
7
0
19
0
3
0
0
0
32
84
67
160
70
10
0
0
0
0
0
0
17
5
14
0
0
0
22
24
42
73
91
1
0
0
13
4
30
78
65
37
0
78
66
97
128
114
120
72
31
0
3
12
41
8
0
15
21
29
64
63
80
101
71
0
0
0
4
0
3
0
0
17
2
43
39
80
66
54
12
0
0
0
0
0
0
0
0
0
2
0
0
0
0
0
0
0
0
6
21
29
27
0
0
0
0
0
0
0
0
56
49
13
13
22
39
96
84
48
59
131
123
52
1
0
0
0
0
0
0
0
12
30
46
22
0
5
0
0
0
0
0
0
0
0
0
0
0
0
0
32
29
32
58
149
104
90
74
16
0
0
0
2
4
23
0
0
0
0
5
34
77
67
96
104
46
7
0
0
0
15
22
16
0
0
0
0
6
61
78
114
55
22
7
1
0
0
0
0
0
0
0
0
0
0
0
14
5
8
3
11
4
0
8
3
16
17
10
25
33
64
72
68
72
72
69
71
64
57
52
30
15
6
10
7
16
10
7
17
0
1
1
6
3
12
33
72
37
0
5
3
64
101
85
138
110
38
3
2
4
10
27
47
66
109
104
134
83
19
0
0
10
1
17
15
0
1
13
44
20
33
13
10
0
0
0
4
20
12
44
14
4
0
0
27
20
50
60
52
70
30
6
0
18
27
25
22
50
31
1
0
0
25
16
21
98
75
84
21
0
0
1
0
4
6
12
0
0
12
38
32
58
71
56
9
0
0
0
0
3
1
1
11
22
25
87
58
108
114
97
71
22
8
0
0
10
33
31
17
38
41
107
110
131
132
107
72
22
0
0
0
0
3
5
1
0
0
0
0
19
43
39
52
37
49
66
44
21
7
0
0
25
23
19
21
27
8
0
0
4
0
0
3
35
42
59
100
75
61
38
5
0
0
0
16
32
22
4
31
25
5
0
0
18
68
72
89
102
114
73
28
0
10
8
16
32
67
24
12
6
2
30
19
23
21
6
33
32
20
46
47
26
22
20
24
12
28
20
55
97
61
112
110
92
54
19
7
4
6
12
10
22
44
26
25
6
3
20
26
0
18
71
109
126
122
148
143
53
7
0
4
0
37
21
27
49
37
59
34
7
28
13
66
85
122
108
110
134
66
33
0
11
26
41
37
26
14
43
73
103
160
148
153
175
174
133
146
54
0
0
0
0
18
13
14
1
11
128
70
111
131
139
118
94
127
118
20
8
0
0
13
10
8
23
23
21
13
17
29
56
53
62
98
100
141
74
92
45
4
0
0
0
13
7
17
22
14
7
57
40
106
51
71
127
83
124
71
30
2
0
0
0
0
5
0
0
0
0
16
44
79
106
72
107
83
40
0
0
0
0
5
0
0
22
35
112
112
115
140
128
79
21
0
0
6
8
0
0
0
7
18
18
103
75
103
83
99
84
46
6
0
0
0
8
0
0
0
0
2
36
159
111
117
131
130
195
164
136
141
121
155
119
124
120
142
134
22
0
0
0
0
0
0
0
0
0
39
59
54
80
118
105
89
117
84
77
23
0
0
0
0
0
0
0
0
0
0
15
21
51
59
69
101
82
80
82
93
76
3
0
0
0
0
0
13
0
0
0
17
49
84
64
109
91
128
106
96
15
0
0
9
0
4
0
0
6
0
0
0
0
0
0
0
0
0
0
0
0
0
0
0
0
0
0
0
0
0
0
0
6
3
0
0
0
0
0
0
0
0
0
0
0
0
0
0
8
143
160
128
192
137
154
54
0
0
0
0
0
0
0
29
99
129
190
171
129
128
98
14
0
0
0
10
25
17
6
0
22
36
75
80
154
77
51
0
0
0
0
0
0
0
0
24
47
136
56
48
44
111
77
4
0
0
0
6
5
11
2
0
13
104
108
126
77
85
105
118
113
59
17
0
5
0
18
16
40
49
106
82
118
120
104
120
92
8
0
0
0
3
6
45
116
130
155
167
122
117
99
31
1
0
0
0
0
0
0
0
2
0
38
36
71
92
84
109
147
154
89
37
7
2
0
0
9
6
8
0
0
4
39
99
72
87
80
83
71
32
0
0
0
0
0
7
0
7
0
0
0
0
0
0
0
0
0
0
0
0
26
0
40
34
71
73
34
58
4
0
0
0
0
0
0
0
0
0
0
0
7
16
66
91
109
165
134
90
32
0
0
0
0
0
0
0
0
0
19
72
38
78
76
133
143
93
73
8
0
0
0
0
0
4
0
0
0
0
0
0
0
0
0
0
0
0
0
0
0
0
0
0
0
0
0
1
1
1
0
0
0
0
4
4
0
0
0
0
0
3
7
4
0
