0
0
0
0
0
0
0
0
0
0
0
0
0
0
63
119
341
255
88
0
0
0
0
0
193
325
203
18
0
0
12
28
81
266
506
610
242
23
0
0
0
30
243
241
217
50
0
44
35
72
158
361
252
53
0
0
0
0
0
0
140
258
201
150
16
0
0
0
0
0
0
52
150
255
301
140
0
0
0
0
0
0
0
12
114
232
132
16
0
0
0
0
0
39
198
324
530
232
21
0
0
0
0
0
0
110
229
187
139
21
0
0
0
0
0
90
193
397
483
385
121
0
0
0
0
0
0
0
0
78
144
59
0
0
15
0
0
32
107
382
520
433
101
0
0
0
0
0
0
0
0
96
191
125
19
0
0
0
0
0
242
307
564
434
199
24
0
0
0
0
0
0
0
5
31
31
28
21
29
22
13
17
9
6
0
0
0
5
12
6
4
78
69
81
140
124
93
34
0
0
0
0
0
0
0
0
5
0
0
0
0
0
0
0
0
28
160
229
176
16
0
0
0
0
0
0
0
0
0
0
0
0
0
0
0
0
28
51
128
35
0
0
0
0
0
0
0
0
0
0
0
0
0
0
0
0
0
0
0
20
116
202
223
102
0
0
0
0
0
0
0
0
0
0
0
0
0
0
0
0
80
160
216
86
0
0
0
0
0
0
0
11
0
0
0
0
0
0
0
7
104
311
511
277
34
0
0
0
0
0
39
27
32
0
0
0
0
0
0
0
74
230
235
144
12
0
0
0
0
0
0
31
3
0
0
0
0
4
64
93
33
0
0
0
0
0
0
0
0
32
28
0
0
0
0
0
0
62
238
394
232
25
0
0
0
0
0
80
26
0
0
0
0
0
81
69
101
18
0
0
0
0
0
0
23
14
0
0
0
0
0
8
81
101
76
0
0
0
0
0
51
95
60
0
0
0
0
0
0
70
210
218
119
12
0
0
0
0
0
0
10
29
52
0
0
0
0
0
0
0
10
64
147
109
7
0
0
0
0
0
0
36
36
0
0
0
0
0
0
0
66
107
71
0
0
0
0
0
0
0
11
10
0
0
0
0
0
0
2
32
46
32
0
0
0
0
0
0
1
17
6
0
0
0
0
0
0
32
86
199
206
59
0
0
0
0
0
0
0
16
76
10
0
0
0
0
0
35
111
256
175
26
0
0
0
0
0
0
24
50
12
0
0
0
0
3
58
84
120
92
0
0
0
0
0
0
0
0
0
0
0
0
0
0
0
0
42
194
117
17
0
0
0
0
0
0
5
25
20
1
0
0
0
0
0
0
88
141
201
49
0
0
0
0
0
0
94
90
37
0
0
0
0
0
0
18
197
220
77
0
0
0
0
0
0
0
0
136
130
24
0
0
0
0
0
39
65
168
104
5
0
0
0
0
0
0
43
57
27
0
0
0
0
0
0
0
107
157
88
0
0
0
0
0
0
0
16
143
94
7
0
0
0
0
0
50
187
162
72
0
0
0
0
0
114
104
45
0
0
0
0
0
0
46
166
230
134
32
0
0
0
0
0
0
25
67
49
0
0
0
0
0
12
46
95
102
0
0
0
0
0
0
0
38
36
20
0
0
72
70
96
74
75
63
73
94
59
108
64
29
9
7
38
70
93
91
128
123
106
84
78
87
77
68
63
81
72
188
133
56
10
0
11
51
62
54
69
109
145
130
93
73
84
87
70
53
39
32
41
49
14
0
0
0
0
2
25
30
29
22
24
27
5
4
2
21
69
49
1
0
0
0
0
0
0
29
28
34
14
3
0
2
0
0
0
32
67
92
8
0
0
0
0
0
0
0
7
0
0
0
0
0
5
61
129
86
4
0
0
0
0
0
0
21
37
31
7
0
0
0
0
0
118
213
154
17
0
0
0
0
9
50
160
111
12
0
0
0
0
46
158
190
64
0
0
0
0
0
0
17
247
250
99
7
0
0
0
0
80
217
214
160
42
0
0
0
0
0
22
47
72
75
70
68
88
82
49
24
23
51
108
142
137
27
2
13
8
9
52
107
178
224
99
68
66
74
77
55
39
90
91
154
67
14
0
0
0
2
21
57
52
76
63
82
75
63
44
58
54
33
28
22
39
56
85
85
95
42
15
26
20
14
25
38
59
57
59
68
67
52
40
50
54
50
48
40
48
86
115
114
52
15
0
2
28
43
85
120
104
69
48
40
33
23
24
29
42
104
84
0
0
0
0
0
0
16
43
65
55
35
25
23
25
12
0
17
53
148
120
6
0
0
0
0
0
11
18
102
56
22
14
17
0
11
25
106
125
149
52
0
0
0
0
0
6
20
33
61
20
16
13
0
17
37
73
156
54
0
0
0
0
13
84
108
63
19
12
19
21
37
21
49
98
115
66
0
0
0
0
0
0
0
63
54
29
9
12
28
18
14
8
53
94
43
2
0
0
8
7
20
58
85
95
76
81
63
42
32
22
21
24
90
155
149
63
0
0
0
0
0
21
52
56
79
74
116
160
115
70
60
59
47
48
76
141
285
202
98
10
0
0
10
16
52
68
77
75
97
95
68
55
58
56
47
44
52
49
122
137
126
54
27
16
12
23
35
43
44
80
74
98
119
92
48
43
45
39
31
35
23
39
66
155
207
113
29
0
11
34
52
72
75
62
79
189
133
76
44
45
55
50
42
27
36
84
112
180
149
37
7
11
31
60
85
88
89
81
83
85
79
53
44
41
31
29
24
20
18
19
20
18
17
17
18
18
18
