120
121
116
124
123
119
122
119
123
119
122
118
121
124
128
129
121
124
123
119
122
115
121
114
112
116
110
111
115
115
132
136
121
111
118
111
108
117
118
112
119
112
125
125
125
138
126
113
113
114
114
119
112
116
106
134
149
146
153
169
144
121
112
119
113
118
117
113
109
116
115
120
121
118
136
128
143
191
155
146
133
115
112
112
115
114
114
112
115
120
134
142
146
156
137
126
116
113
108
116
118
113
113
114
115
126
114
124
117
118
111
112
111
110
106
108
117
135
163
151
157
148
127
117
116
111
114
112
110
119
116
116
112
116
110
115
113
121
140
135
182
240
230
194
246
160
138
121
117
117
111
111
107
108
108
108
110
110
132
158
153
151
128
118
113
118
123
129
118
115
118
113
119
116
115
114
111
111
107
114
119
146
173
178
199
206
197
194
182
124
117
112
107
108
108
113
107
106
107
131
130
146
173
191
220
228
177
181
134
121
113
115
115
117
120
118
113
115
114
121
122
140
137
152
156
215
258
232
213
195
196
217
168
127
112
111
106
108
111
117
123
119
113
118
120
118
124
117
137
160
133
144
133
157
168
150
150
154
154
149
186
177
153
146
130
117
111
114
111
116
114
114
108
106
110
117
123
122
133
172
186
148
149
186
152
135
159
130
117
114
112
115
114
118
115
110
112
110
128
120
116
118
129
122
114
116
123
127
134
118
111
112
113
108
104
110
112
107
117
116
115
120
126
118
118
131
139
144
167
181
219
235
203
214
140
117
113
109
116
115
117
113
112
120
122
109
111
127
146
155
181
207
206
212
203
208
178
129
113
109
106
109
106
102
107
105
112
111
110
110
111
113
119
122
127
111
127
120
126
123
115
121
136
156
139
141
150
156
123
113
115
116
118
110
111
108
106
106
102
107
109
105
105
118
154
175
190
193
181
159
171
128
120
113
108
113
110
118
115
112
115
112
113
114
128
142
167
132
171
175
169
128
110
105
107
110
118
111
112
115
106
106
112
133
165
173
188
169
199
189
215
243
220
140
122
115
112
114
123
119
116
120
118
128
143
159
168
162
201
221
215
185
143
121
108
104
112
114
116
114
118
116
112
118
134
138
160
166
170
200
197
205
183
164
133
119
117
120
113
120
119
118
116
112
120
121
120
114
121
116
115
127
207
230
177
163
206
187
172
146
127
121
122
126
122
123
120
128
118
122
116
123
128
140
176
157
169
166
188
151
137
138
119
116
116
115
110
107
116
108
110
110
114
114
125
144
160
175
167
161
199
185
200
233
206
155
125
121
120
119
123
118
121
120
125
124
115
127
167
186
184
186
163
193
176
183
135
117
109
115
116
113
118
119
122
117
117
131
125
131
132
127
148
145
145
151
159
174
188
153
183
189
160
132
128
117
119
121
123
123
134
120
127
149
149
170
217
195
176
167
178
139
131
125
131
133
133
128
128
135
139
135
133
157
154
164
194
197
187
197
187
161
131
122
129
124
128
128
128
129
125
132
140
162
216
194
182
161
173
132
126
127
129
129
129
135
138
138
134
134
127
128
149
155
205
163
146
147
138
128
130
127
123
128
126
123
123
131
130
120
125
134
164
171
165
175
187
181
198
219
150
129
125
133
130
133
130
132
131
131
130
136
140
177
240
206
193
183
250
229
177
143
131
128
122
129
124
126
128
123
123
119
127
137
182
154
188
197
185
202
177
150
138
126
134
127
126
131
133
126
129
132
134
138
161
212
237
247
208
181
164
135
126
120
123
122
126
128
124
152
163
187
198
211
214
189
209
195
213
170
152
136
128
124
125
121
125
122
123
130
128
125
142
134
133
129
141
137
144
139
131
129
118
118
118
122
119
121
124
122
130
123
119
130
146
136
131
127
126
142
125
125
124
122
128
124
124
125
127
130
130
124
124
127
124
118
125
134
131
132
136
138
135
133
141
132
121
120
125
125
123
132
132
132
128
132
144
143
164
137
138
156
155
149
145
134
125
126
126
124
131
122
129
132
129
124
118
126
121
124
128
124
133
147
136
133
135
126
125
124
127
130
131
128
130
139
141
138
135
135
146
148
141
150
157
143
136
123
123
127
123
128
128
139
137
129
127
136
137
138
130
137
133
142
135
131
131
125
134
133
129
134
143
134
130
134
135
133
133
134
134
135
137
144
151
130
133
131
114
123
124
122
128
134
134
135
135
134
135
128
132
127
140
137
150
140
155
144
147
150
142
135
136
135
137
136
132
133
132
139
138
132
136
149
153
154
157
154
159
161
158
148
139
149
143
147
138
140
143
146
145
142
145
146
140
140
153
145
155
148
160
165
161
135
137
135
138
142
144
133
141
145
144
142
140
145
156
161
148
167
150
160
169
152
144
145
140
137
138
137
134
139
137
137
138
137
133
141
136
142
143
169
150
154
145
155
142
137
140
138
142
143
147
138
140
132
135
128
130
128
134
158
156
159
152
156
151
153
131
131
126
121
123
128
131
123
124
122
123
122
117
131
140
156
154
152
153
150
132
127
128
131
131
125
129
126
127
122
131
132
126
143
144
141
145
128
122
124
120
123
118
117
117
121
120
119
119
128
125
127
132
129
128
123
124
132
130
133
126
133
134
138
141
140
134
142
143
132
121
121
123
121
123
132
130
125
128
124
123
124
132
131
142
146
141
137
145
131
140
144
146
143
156
154
137
139
135
136
136
133
156
144
153
160
155
146
138
154
140
133
135
132
123
130
135
129
138
136
137
141
141
138
133
133
140
132
150
148
162
142
132
138
135
128
129
132
128
138
136
133
135
134
130
138
131
138
143
149
146
141
145
135
134
136
138
136
138
136
142
134
134
135
135
145
140
150
151
134
139
144
137
129
135
130
126
134
150
140
138
