417
449
433
429
426
430
438
425
441
537
517
613
776
660
515
461
441
444
436
404
392
374
376
395
414
456
528
530
611
543
462
398
376
380
362
356
362
365
382
398
406
421
444
442
488
443
389
377
366
368
379
372
370
373
370
370
377
370
375
381
459
454
524
521
539
461
402
371
377
386
381
390
386
387
378
402
399
428
437
447
551
518
479
416
388
372
381
406
388
386
384
373
378
382
401
399
438
470
475
492
433
393
381
367
382
384
383
380
364
379
375
383
409
453
480
512
460
419
381
415
377
379
388
378
385
385
377
368
388
399
386
428
459
517
466
473
421
377
373
372
372
387
384
373
369
384
397
391
407
454
514
530
535
525
460
397
383
391
378
361
382
373
383
371
381
403
401
408
416
464
542
524
531
504
457
405
383
380
375
386
381
378
393
384
374
386
385
400
428
445
531
562
540
534
415
362
354
348
356
360
372
364
365
357
336
360
362
386
437
456
513
551
579
437
376
359
350
370
369
370
359
370
408
444
486
503
495
502
584
489
385
354
416
420
376
359
351
349
356
362
383
435
437
465
469
527
555
447
377
369
365
363
360
365
364
349
341
362
368
376
449
514
531
513
557
426
386
362
363
380
394
365
353
373
415
378
366
383
378
409
438
454
516
528
490
428
375
355
362
364
368
362
348
361
365
375
384
402
445
422
462
477
460
418
374
355
360
357
355
361
350
344
354
359
368
364
372
375
421
439
433
429
392
376
366
363
360
357
361
360
408
458
458
480
486
555
549
536
516
431
379
380
391
397
372
369
398
411
383
367
390
388
414
430
449
449
462
466
401
382
378
375
382
418
400
388
382
376
373
379
415
439
459
530
505
440
386
366
371
374
370
382
372
373
374
370
389
399
413
425
424
451
444
420
382
373
372
368
362
360
366
374
365
366
381
395
433
443
425
442
497
440
387
362
361
359
364
360
373
359
346
363
384
396
402
440
501
503
539
517
403
378
378
372
400
385
379
376
392
391
398
484
470
492
506
541
449
400
375
383
374
374
383
377
386
364
373
396
418
434
494
530
539
528
594
588
469
400
378
368
386
377
377
378
368
362
386
384
434
491
500
505
541
535
417
382
378
381
371
375
372
381
382
374
390
395
418
459
461
482
556
492
442
413
400
395
386
389
386
382
387
395
385
384
391
390
394
433
452
473
497
521
484
420
398
389
393
385
368
385
384
372
370
360
386
433
454
464
498
461
543
527
458
390
383
367
357
381
360
373
365
359
384
397
387
436
447
455
518
465
412
375
378
377
367
374
369
357
348
363
372
376
423
450
458
502
535
424
362
359
360
355
358
374
355
356
364
367
377
401
424
485
491
501
450
420
382
355
353
349
342
355
346
352
351
352
367
381
388
384
410
422
424
503
412
362
355
360
359
362
388
356
355
367
364
377
417
466
457
495
520
459
382
375
366
361
362
360
369
358
361
354
367
403
445
436
453
416
469
532
457
370
358
364
367
360
360
363
353
352
354
375
443
441
442
478
447
403
363
360
364
348
359
362
354
361
351
349
336
346
349
372
403
445
453
528
534
440
387
361
371
354
357
374
366
363
350
362
394
400
474
460
496
523
547
479
379
351
353
350
360
364
356
347
359
350
348
360
370
390
493
505
547
475
385
367
350
357
370
363
352
352
364
363
363
395
432
445
431
448
468
400
356
350
354
359
354
339
341
343
344
358
368
411
441
463
481
516
438
380
373
411
396
407
422
416
390
356
355
357
361
378
425
430
479
498
562
518
411
366
344
358
349
356
366
345
343
339
356
368
382
441
512
480
435
381
340
344
356
353
351
362
349
337
351
368
374
385
419
453
465
608
507
419
377
364
354
348
345
356
367
363
355
352
366
360
390
398
430
529
524
475
445
376
373
352
344
362
358
349
354
364
358
370
402
439
503
467
453
441
370
357
361
356
352
362
347
353
350
356
361
369
412
474
483
462
418
362
348
344
351
346
362
344
356
357
354
369
427
449
414
394
360
347
359
350
352
355
342
349
358
348
345
367
372
370
414
431
437
488
493
427
369
352
348
351
356
354
350
352
351
338
345
356
357
380
437
417
450
512
443
445
373
345
346
354
339
348
344
363
361
347
377
395
410
437
466
471
455
388
356
344
335
334
332
348
346
349
348
348
338
351
358
351
380
433
467
498
481
374
360
362
345
342
354
352
352
346
344
349
352
396
398
439
472
472
413
384
367
357
360
348
354
367
347
341
350
346
367
362
427
429
486
520
518
410
355
353
351
350
361
360
354
335
351
357
370
386
430
504
564
482
389
359
351
348
357
362
349
345
348
356
359
389
414
408
449
485
477
436
372
354
366
369
373
365
364
353
354
362
368
414
432
436
467
485
458
379
359
359
356
348
369
371
352
355
348
353
363
383
400
424
480
476
470
406
369
347
341
349
351
347
336
340
356
342
366
371
394
490
457
476
452
395
349
341
348
357
345
372
375
370
347
355
363
364
398
402
478
477
493
462
406
362
352
354
354
362
365
345
356
362
355
354
356
391
428
480
537
450
396
365
361
353
358
365
353
356
348
344
347
357
372
395
452
485
486
415
356
359
351
401
374
361
352
374
367
359
363
368
369
441
496
529
542
482
391
360
358
360
370
361
352
362
354
359
363
384
401
420
406
428
441
477
450
360
353
370
347
339
346
336
340
331
345
345
352
370
402
418
447
