247
258
246
242
243
234
230
236
219
219
202
208
212
215
212
220
210
212
225
226
329
366
354
351
354
363
359
371
364
360
360
369
375
351
357
377
351
352
356
345
320
303
306
309
322
327
329
340
350
348
341
354
342
355
346
352
344
324
324
309
304
306
305
316
323
331
331
333
325
327
324
331
329
331
328
332
331
334
330
332
338
326
331
324
330
334
338
336
341
314
319
323
333
335
337
324
329
320
325
323
325
322
324
325
319
320
327
336
329
327
321
317
324
328
325
325
327
325
330
328
342
351
355
333
330
326
326
328
363
359
330
327
324
323
326
334
340
327
312
323
324
316
316
320
318
319
321
315
314
322
323
323
323
323
320
323
325
328
324
326
321
316
322
323
316
315
313
316
316
328
332
326
323
317
321
324
318
327
323
326
316
325
353
355
332
348
326
324
322
343
325
323
318
315
325
326
313
318
323
322
331
325
322
321
320
327
325
321
324
323
322
322
324
327
326
323
329
322
328
329
321
321
325
317
322
317
320
319
319
327
318
320
325
335
328
335
327
325
324
331
322
329
329
348
340
327
328
347
346
359
365
366
355
347
338
324
320
332
325
326
328
330
327
323
331
331
330
329
330
336
344
333
333
334
328
329
328
334
325
332
337
331
336
332
330
341
336
336
342
335
329
343
352
347
347
351
362
348
362
365
367
381
369
392
386
