331
348
350
351
386
392
495
458
440
454
415
358
444
418
378
407
417
332
253
220
240
306
327
342
368
368
340
385
439
453
494
419
397
392
315
323
359
292
214
190
223
275
302
328
313
338
358
359
367
361
361
381
378
383
447
420
374
374
369
313
319
384
320
388
349
303
244
205
191
270
288
314
324
471
475
392
390
448
387
375
383
409
530
425
460
327
268
221
272
332
376
361
360
355
369
402
455
487
455
388
376
351
335
300
393
499
435
279
244
249
289
294
331
330
370
384
503
573
486
467
464
444
411
455
444
557
563
393
281
249
282
310
389
419
431
512
657
600
641
585
571
564
497
471
405
609
683
549
450
331
338
365
414
443
516
575
629
709
753
826
831
787
855
691
639
579
604
586
612
478
393
400
436
585
706
813
911
1023
1023
1023
1023
1023
1023
1023
1023
1023
1023
1023
1023
773
561
505
491
602
688
777
928
1023
1023
1023
1023
1023
1023
1023
1023
1023
1023
1023
1023
1023
1023
1023
1023
971
765
762
832
877
1023
1023
1023
1023
1023
1023
1023
1023
1023
1023
1023
1023
1023
1023
1023
1023
1023
1023
1023
1023
1023
1023
1023
1023
1023
1023
1023
1023
1023
1023
1023
1023
1023
1023
1023
1023
1023
1023
1023
1023
1023
1023
1023
1023
1023
1023
1023
1023
1023
1023
1023
746
499
432
399
403
474
506
450
381
383
352
342
352
359
338
314
366
347
422
561
674
571
436
336
277
272
243
223
243
274
311
322
337
337
340
367
362
364
392
374
376
417
397
373
358
380
355
345
343
313
300
313
340
315
383
427
483
472
456
310
252
229
229
270
309
326
324
332
333
354
358
363
351
359
366
381
380
435
416
388
355
403
370
401
335
303
317
324
333
426
445
489
362
258
228
241
263
306
308
335
324
336
347
345
354
477
488
410
386
386
357
313
330
340
366
391
405
503
664
626
462
330
237
237
262
287
305
323
346
346
356
358
353
359
438
386
405
380
371
400
426
442
465
378
352
386
370
306
264
233
227
243
295
339
325
409
408
374
371
389
477
463
478
460
411
339
308
326
445
597
645
513
432
306
252
249
271
299
337
332
357
389
370
393
456
513
453
475
395
366
370
369
333
381
434
650
628
514
313
264
243
260
300
323
329
363
336
341
348
458
451
418
406
470
462
448
448
427
472
406
463
525
565
446
277
258
261
316
340
373
351
352
436
434
436
400
408
351
391
354
326
392
320
290
281
240
220
218
229
293
304
343
345
349
337
369
404
369
398
430
353
341
317
532
625
903
677
384
259
239
246
283
301
311
312
356
353
336
324
338
376
452
431
401
346
400
358
299
335
354
386
391
489
509
427
316
265
271
259
313
324
343
338
310
308
335
338
361
355
399
390
391
361
352
306
305
371
369
386
333
236
229
236
252
289
333
319
319
348
429
435
424
366
333
346
310
326
302
281
285
238
249
234
235
242
284
306
320
326
366
375
367
387
370
378
400
308
319
390
315
390
354
307
252
251
264
297
314
348
374
394
358
347
385
387
422
470
455
427
354
325
272
315
315
289
251
300
307
239
232
228
228
256
276
328
331
330
361
371
354
413
433
408
425
349
313
304
339
354
320
303
413
397
338
266
249
250
244
284
323
307
315
324
332
341
352
379
394
412
367
462
428
348
378
310
341
335
356
352
469
423
286
239
253
260
296
331
341
337
320
326
330
358
369
389
387
348
338
353
329
353
324
331
381
420
340
262
266
262
256
264
314
310
318
337
322
329
339
343
419
455
446
402
375
425
382
329
311
345
435
566
436
282
261
275
267
279
308
311
318
319
326
324
349
365
371
369
359
336
321
330
320
330
315
340
345
410
299
279
269
269
287
307
306
331
332
323
373
391
379
423
417
407
343
337
309
325
306
325
407
363
422
354
280
278
252
250
265
302
338
345
341
343
344
348
466
404
384
394
329
310
337
325
338
357
355
416
568
350
281
254
244
274
296
317
321
315
329
307
309
318
370
425
380
370
390
341
316
317
312
288
301
354
330
383
319
280
250
245
274
297
304
311
322
327
323
345
358
410
380
364
362
330
328
308
281
403
401
429
358
272
233
236
232
258
292
323
322
297
308
302
322
341
331
326
328
335
300
343
308
283
311
307
413
378
322
244
231
222
247
253
272
286
297
310
319
306
315
462
414
373
406
352
356
335
310
348
319
367
357
345
294
245
269
275
278
275
285
304
300
304
303
303
295
360
340
396
354
325
310
359
335
377
327
342
463
509
475
343
266
264
305
317
288
285
310
320
305
303
303
331
411
378
398
348
326
322
294
314
367
359
485
547
411
278
250
254
242
247
281
280
319
305
283
312
295
299
299
303
353
446
377
364
371
327
316
300
337
383
365
404
292
250
233
253
248
262
285
297
310
311
321
334
340
413
373
369
331
346
401
367
340
359
360
278
233
253
243
269
301
295
307
339
304
289
401
339
318
342
342
375
351
307
287
304
352
397
377
298
239
255
238
276
284
325
318
310
296
332
337
395
390
391
407
359
289
334
341
356
325
252
236
229
257
257
281
291
281
291
290
293
333
364
364
372
377
318
351
320
321
359
320
265
252
244
263
261
288
330
322
323
291
290
360
318
338
313
335
327
298
325
342
414
415
374
293
250
243
253
275
297
324
318
329
299
368
367
433
352
362
360
352
418
427
378
361
270
244
238
278
276
303
301
304
312
296
368
391
420
357
391
352
331
368
315
312
302
307
268
245
232
249
243
268
286
300
328
332
345
348
352
427
388
403
391
436
384
361
370
333
404
367
352
303
288
285
277
272
291
287
305
324
336
320
288
301
308
376
390
405
366
320
310
362
372
391
291
253
298
306
273
283
284
305
297
295
327
329
303
358
335
427
365
346
337
328
324
328
337
365
349
305
256
245
247
256
