130
129
134
132
131
135
131
135
128
132
134
134
134
137
136
141
135
132
137
128
132
135
136
135
133
132
131
130
131
129
129
134
131
130
133
129
142
163
146
134
138
140
139
129
132
137
140
144
135
130
128
139
134
134
134
130
135
136
129
134
138
137
143
134
130
133
137
128
133
137
134
128
133
126
130
127
131
128
124
128
128
125
123
129
130
129
131
126
131
134
134
136
135
137
132
130
137
135
130
133
135
131
132
132
130
127
127
132
133
131
131
128
130
125
129
127
127
127
124
126
122
126
125
123
126
124
129
124
122
124
122
124
122
122
117
125
124
121
126
130
130
153
185
184
176
164
200
193
186
197
193
205
204
185
184
183
183
183
182
185
182
182
181
183
187
180
181
182
184
184
183
184
180
178
177
180
181
182
191
187
185
183
185
190
184
184
177
184
185
183
182
178
185
178
178
181
182
178
180
182
180
181
182
185
192
185
182
180
177
180
181
183
184
184
186
178
188
187
181
182
189
183
180
182
182
174
179
181
183
181
185
185
183
185
182
184
189
185
183
189
185
183
184
187
180
181
188
184
183
181
179
183
179
180
175
178
174
177
178
176
176
181
186
182
181
190
188
191
189
188
189
189
183
185
186
186
179
179
176
182
184
189
178
184
182
178
177
165
150
146
138
135
131
140
145
146
139
142
144
141
147
144
148
148
148
150
150
150
144
160
177
152
145
144
146
148
148
150
150
144
148
146
145
146
147
146
144
147
147
152
145
146
149
145
148
152
149
150
155
150
150
152
147
152
152
147
150
148
146
152
151
153
151
150
154
155
151
151
151
152
148
151
154
150
146
147
146
152
150
149
154
150
152
151
149
146
149
147
145
144
139
