139
154
146
144
147
149
147
155
142
142
147
154
160
154
153
150
144
146
141
152
146
146
150
161
158
154
158
148
144
147
159
147
150
162
153
150
149
144
158
146
152
160
161
148
144
163
148
150
137
151
148
136
144
149
144
145
139
142
151
144
147
141
147
144
144
149
151
147
144
153
144
146
140
148
140
142
144
148
148
147
149
151
151
149
148
148
151
151
153
146
149
156
152
145
155
142
150
156
153
143
148
152
145
144
144
152
144
152
149
152
141
155
164
146
141
137
139
132
141
179
179
149
152
147
145
138
143
148
141
138
146
154
142
136
136
144
135
145
141
142
133
151
148
146
143
144
138
142
133
130
132
147
140
144
150
141
137
140
137
138
138
151
147
133
138
134
133
133
140
145
147
133
134
141
151
137
145
139
145
150
144
141
147
140
141
139
143
140
139
143
146
142
144
138
148
149
139
138
135
139
138
128
129
127
127
142
129
142
134
130
136
140
132
146
141
132
129
137
123
129
132
132
129
128
140
147
139
141
140
139
124
140
134
156
151
143
136
133
134
127
124
134
125
157
154
154
151
137
140
138
133
133
134
142
159
136
142
140
136
131
133
134
140
142
138
146
136
131
134
132
129
125
128
135
132
130
136
139
179
138
132
126
138
135
141
139
136
146
148
136
136
160
150
144
136
140
148
136
139
128
137
133
133
136
136
203
166
146
130
141
135
127
138
186
182
184
198
184
177
163
148
139
149
152
172
213
215
211
224
210
221
192
158
152
151
164
161
160
192
149
154
160
156
154
152
144
145
152
153
146
149
159
156
156
166
165
162
158
167
165
157
155
156
149
154
150
153
152
149
153
159
192
204
192
159
153
155
163
152
154
155
155
155
155
147
146
146
159
152
152
151
153
156
153
158
158
154
158
154
144
158
159
159
157
146
149
154
144
145
153
148
149
149
148
145
146
152
147
142
150
147
150
148
150
148
143
156
152
149
168
166
151
146
155
146
145
150
152
153
161
157
183
186
156
154
157
174
156
153
159
187
169
169
158
148
147
141
141
146
148
156
146
155
147
150
159
153
164
156
163
164
163
166
180
189
185
163
167
161
162
163
153
170
162
163
149
153
157
162
164
175
159
155
160
158
167
170
161
159
161
160
153
158
157
161
158
154
161
169
172
178
175
177
165
172
174
171
176
163
158
148
143
150
155
153
145
157
159
160
155
158
157
142
144
145
134
139
142
136
130
138
133
142
135
150
140
120
132
134
133
128
133
129
125
121
124
124
128
129
128
123
132
125
130
124
116
115
120
116
121
123
126
128
128
129
122
123
122
121
121
114
116
119
119
118
106
104
106
110
111
118
120
123
117
125
132
129
127
125
120
107
115
120
123
126
116
118
121
113
119
110
106
114
122
120
144
125
116
146
151
155
166
159
155
141
116
106
105
113
114
106
114
134
129
113
114
111
113
124
118
118
125
120
114
110
119
120
123
120
113
118
123
124
111
109
116
117
118
126
141
132
127
108
127
166
167
149
120
117
112
115
140
169
155
149
163
158
153
128
128
115
114
111
106
112
107
125
111
123
112
114
134
114
112
105
111
101
101
105
116
119
119
116
114
110
104
102
109
115
113
123
116
112
105
107
112
108
110
116
126
120
111
110
113
115
103
110
110
112
105
119
115
109
116
123
110
121
114
108
114
111
111
119
110
112
116
108
114
110
113
108
101
110
110
116
109
111
109
106
108
111
112
117
112
108
108
107
118
106
106
124
111
109
111
116
110
112
115
111
117
113
109
120
131
110
109
113
109
108
107
110
111
116
121
107
113
119
114
109
113
103
114
104
110
114
122
111
108
112
113
115
116
107
117
112
107
112
110
103
103
105
105
110
112
112
108
110
112
113
115
119
106
110
107
111
108
126
121
111
114
116
112
111
108
104
110
117
106
123
116
106
115
122
120
124
115
127
131
118
124
125
113
117
117
113
114
117
122
121
117
115
116
113
132
135
119
128
159
171
148
121
117
126
118
114
114
118
132
132
123
128
166
134
119
128
120
106
121
122
118
121
125
122
115
109
125
122
113
130
129
125
111
111
121
111
117
112
106
119
113
116
115
106
132
135
114
133
121
121
123
122
123
126
121
119
118
112
112
113
121
118
127
121
121
122
130
126
112
119
113
107
120
122
115
111
121
118
113
115
117
115
123
115
113
119
121
122
114
120
114
119
127
113
107
105
114
114
106
120
119
116
116
119
114
112
116
114
132
117
118
124
109
108
121
119
116
109
114
111
121
116
115
116
126
122
127
123
111
117
142
130
123
126
116
125
108
160
163
165
139
137
134
162
148
122
119
116
116
128
121
116
114
110
116
117
117
120
116
116
116
120
119
118
125
131
123
116
124
119
134
114
113
111
114
120
117
119
117
117
119
121
124
121
119
113
125
124
129
130
132
130
114
104
117
116
118
116
115
125
124
122
128
114
114
120
119
120
113
118
114
120
119
116
124
118
122
114
128
123
115
137
134
124
115
121
111
108
114
118
107
117
121
114
117
114
113
108
116
124
123
129
127
121
122
121
117
108
107
103
117
122
128
119
123
118
114
123
122
122
131
124
115
126
112
129
120
117
116
116
123
127
134
122
135
142
126
122
114
110
128
122
120
116
118
119
117
116
109
102
107
122
117
112
122
119
118
108
115
161
145
128
113
141
121
117
109
108
123
113
115
113
102
109
111
107
111
103
110
115
109
112
118
121
114
